# timecode format v2
0.000
8.324
24.974
49.953
66.602
74.926
99.900
108.228
124.875
149.851
158.176
174.827
199.801
208.126
224.779
241.430
258.077
283.054
291.380
308.028
316.353
333.003
349.656
366.303
382.954
399.608
407.930
424.579
441.230
449.554
466.205
482.855
491.180
516.155
524.483
541.131
557.781
566.106
582.759
599.409
616.056
632.712
649.358
666.009
682.658
699.309
715.959
724.283
749.261
757.589
774.236
790.884
807.534
815.859
840.834
849.159
865.809
882.462
899.109
907.435
924.085
940.740
949.060
974.035
990.686
1007.337
1015.661
1032.311
1048.966
1057.288
1073.937
1082.262
1098.912
1115.568
1123.888
1140.538
1157.190
1165.513
1190.490
1198.813
1215.464
1232.116
1248.765
1265.414
1282.064
1290.393
1307.041
1323.690
1340.340
1356.991
1373.647
1390.290
1398.616
1423.595
1431.917
1448.567
1465.217
1481.869
1490.193
1515.167
1531.821
1548.468
1565.118
1573.445
1590.096
1606.744
1623.394
1648.370
1656.698
1673.344
1681.670
1698.319
1706.646
1723.295
1739.946
1756.595
1773.249
1789.897
1806.545
1823.201
1839.846
1848.173
1864.822
1881.474
1898.122
1914.772
1931.423
1939.750
1956.398
1973.048
1989.698
2006.353
2022.998
2031.325
2047.974
2064.626
2072.949
2089.599
2106.249
2122.902
2139.550
2147.875
2164.525
2181.182
2189.501
2206.152
2222.801
2231.126
2247.780
2264.427
2281.078
2289.402
2306.059
2322.704
2339.352
2347.677
2372.653
2389.303
2397.628
2414.281
2430.928
2447.578
2472.559
2480.880
2497.530
2514.179
2530.834
2539.154
2572.455
2580.780
2597.435
2622.408
2630.731
2647.381
2672.358
2689.006
2697.332
2713.984
2730.633
2747.283
2763.934
2780.583
2797.235
2813.883
2830.540
2847.185
2863.833
2880.483
2897.137
2913.784
2922.110
2938.760
2955.411
2972.061
2980.386
2997.035
3013.692
3022.010
3046.988
3055.311
3071.965
3088.613
3105.261
3113.587
3130.236
3146.888
3163.537
3171.865
3188.514
3205.164
3221.813
3238.467
3246.790
3271.763
3280.089
3296.742
3313.389
3330.039
3338.365
3355.015
3371.665
3379.992
3404.985
3421.619
3429.941
3446.594
3463.250
3479.896
3496.541
3513.191
3529.845
3546.493
3554.817
3571.466
3596.450
3604.768
3621.417
3638.068
3654.721
3663.044
3679.693
3696.344
3721.319
3729.644
3746.295
3754.626
3771.269
3787.924
3796.244
3812.894
3829.549
3837.872
3854.520
3862.859
3879.495
3896.152
3904.478
3912.796
3937.776
3946.105
3962.746
3979.396
3987.722
4004.374
4021.022
4037.675
4054.323
4062.648
4079.301
4087.623
4104.273
4120.923
4137.575
4154.224
4170.874
4179.203
4195.855
4204.174
4220.824
4237.476
4245.803
4262.450
4279.107
4295.750
4304.083
4320.730
4337.380
4354.026
4370.681
4379.001
4395.659
4412.309
4420.629
4437.279
4445.603
4462.253
4478.909
4495.554
4503.878
4520.540
4537.181
4553.831
4578.804
4587.130
4603.782
4612.105
4628.755
4645.404
4662.058
4678.706
4687.030
4703.681
4720.338
4728.656
4745.306
4761.956
4778.608
4786.932
4811.907
4828.560
4845.209
4861.859
4870.183
4886.832
4903.483
4920.135
4936.784
4953.434
4961.759
4978.408
4995.064
5011.714
5028.360
5045.016
5053.335
5069.987
5094.960
5103.286
5119.937
5136.590
5153.236
5161.562
5186.538
5194.863
5211.511
5228.163
5244.815
5269.787
5278.116
5294.763
5311.419
5319.738
5336.390
5353.043
5369.692
5378.014
5394.663
5411.314
5427.971
5444.615
5461.265
5477.915
5502.891
5511.215
5527.866
5544.515
5561.165
5569.491
5586.141
5602.797
5619.443
5627.768
5644.417
5661.070
5677.720
5694.367
5711.017
5719.349
5744.319
5760.968
5769.293
5794.271
5802.603
5819.245
5835.900
5852.547
5869.195
5885.845
5894.173
5910.821
5927.470
5944.120
5969.096
5977.422
5985.746
6002.396
6019.049
6035.699
6044.022
6068.996
6077.325
6093.974
6110.622
6127.272
6143.925
6160.573
6177.223
6193.877
6210.523
6227.175
6243.823
6260.476
6277.124
6293.775
6310.431
6327.075
6335.401
6352.050
6368.704
6385.351
6402.001
6418.658
6435.306
6451.952
6468.601
6485.254
6501.903
6510.229
6526.879
6543.532
6560.181
6576.828
6593.484
6601.806
6618.454
6635.104
6651.753
6668.409
6685.054
6701.705
6718.364
6726.679
6743.333
6759.980
6776.630
6784.959
6801.607
6818.255
6834.905
6843.232
6859.882
6876.531
6884.856
6901.510
6918.158
6926.485
6943.132
6959.785
6968.108
6984.757
7001.408
7009.733
7026.383
7043.035
7059.683
7076.336
7084.669
7101.310
7126.284
7134.609
7151.261
7167.918
7176.235
7192.885
7217.862
7226.188
7242.840
7259.487
7276.139
7292.786
7309.443
7326.089
7334.415
7359.387
7367.712
7384.368
7401.013
7417.663
7425.988
7442.649
7459.291
7475.946
7492.594
7509.240
7517.564
7534.214
7550.868
7567.519
7584.165
7600.815
7617.470
7634.116
7650.771
7667.418
7684.069
7700.717
7709.042
7725.692
7742.347
7758.992
7775.642
7792.297
7808.944
7833.923
7842.244
7858.894
7875.543
7892.194
7900.519
7917.170
7933.819
7950.470
7967.124
7983.770
7992.096
8008.745
8025.401
8042.052
8058.696
8075.350
8092.000
8108.647
8125.298
8133.622
8150.272
8166.927
8183.572
8200.223
8208.550
8225.198
8241.847
8258.498
8275.148
8300.124
8308.448
8325.101
8341.750
8358.399
8366.724
8383.376
8400.026
8416.675
8433.325
8441.652
8458.306
8474.951
8491.600
8508.255
8524.901
8541.552
8558.207
8574.852
8583.177
8599.827
8616.480
8633.127
8649.777
8666.428
8683.080
8699.728
8716.379
8724.704
8741.356
8766.329
8774.654
8791.307
8807.955
8824.606
8832.931
8857.907
8866.231
8882.880
8899.530
8916.184
8932.833
8949.482
8966.136
8991.107
8999.432
9016.088
9024.407
9041.057
9057.707
9074.357
9091.008
9107.661
9124.311
9132.634
9149.286
9165.938
9182.584
9199.239
9224.210
9232.536
9249.186
9265.839
9282.487
9299.135
9307.468
9324.112
9340.763
9357.411
9374.061
9382.389
9399.037
9415.688
9432.341
9448.989
9465.638
9482.288
9498.940
9515.588
9532.238
9548.888
9565.540
9582.192
9598.840
9615.495
9623.816
9640.464
9665.440
9673.765
9690.416
9707.065
9723.715
9740.368
9757.017
9773.666
9781.991
9798.644
9815.292
9831.941
9848.595
9856.920
9873.571
9890.218
9906.867
9923.519
9940.168
9956.818
9973.472
9990.121
10006.769
10015.094
10031.746
10048.395
10065.044
10081.695
10090.021
10106.670
10131.645
10139.971
10156.624
10173.271
10189.921
10206.574
10223.224
10231.547
10248.196
10264.849
10281.501
10298.148
10306.472
10323.123
10331.449
10348.098
10356.423
10373.073
10389.730
10398.050
10414.700
10423.025
10439.681
10456.331
10472.974
10481.300
10497.950
10514.601
10531.250
10547.900
10564.556
10572.878
10589.526
10614.501
10622.829
10639.479
10656.127
10672.776
10689.429
10706.077
10722.727
10731.052
10747.704
10764.357
10781.003
10797.656
10805.981
10822.628
10839.279
10855.933
10872.590
10889.229
10905.880
10914.205
10939.180
10947.505
10964.156
10980.808
10997.458
11014.107
11030.762
11047.408
11055.731
11072.381
11089.038
11097.359
11114.007
11130.657
11138.983
11163.961
11172.283
11188.933
11205.583
11222.234
11230.561
11255.534
11263.858
11280.512
11297.159
11313.810
