# timecode format v2
0.000
19.984
39.967
59.956
79.940
99.920
119.906
139.891
159.884
179.854
199.838
219.826
239.806
259.788
279.772
299.757
319.740
339.725
359.712
379.692
399.679
419.660
439.642
459.631
479.609
499.593
519.582
539.559
559.548
579.533
599.512
619.495
639.477
659.463
679.449
699.436
719.417
739.395
759.378
779.374
799.347
819.332
839.317
859.297
879.286
899.264
919.246
939.233
959.220
979.200
999.186
1019.167
1039.154
1059.151
1079.116
1099.104
1119.089
1139.077
1159.058
1179.041
1199.019
1219.010
1238.987
1258.973
1278.957
1298.943
1318.925
1338.912
1358.898
1378.876
1398.861
1418.846
1438.827
1458.807
1478.789
1498.774
1518.758
1538.744
1558.731
1578.711
1598.699
1618.676
1638.660
1658.646
1678.627
1698.612
1718.595
1738.577
1758.562
1778.549
1798.530
1818.516
1838.494
1858.480
1878.466
1898.448
1918.432
1938.414
1958.399
1978.381
1998.367
2018.349
2038.335
2058.315
2078.298
2098.287
2138.250
2158.237
2178.218
2198.205
2218.183
2238.169
2258.153
2278.139
2298.119
2318.107
2338.084
2358.070
2378.060
2398.039
2418.024
2438.012
2457.996
2477.974
2497.961
2517.940
2537.928
2557.905
2577.888
2597.874
2617.859
2637.843
2657.827
2677.811
2697.794
2717.774
2737.759
2757.746
2777.726
2797.709
2817.693
2837.676
2857.663
2897.629
2917.615
2937.597
2957.577
2997.545
3017.536
3037.513
3057.504
3097.468
3117.451
3137.436
3177.408
3197.384
3217.366
3237.349
3277.318
3297.305
3317.289
3357.251
3377.236
3397.221
3417.207
3457.174
3477.153
3497.138
3537.104
3557.089
3577.073
3597.054
3637.021
3657.007
3676.991
3696.978
3736.944
3756.925
3776.911
3816.875
3836.859
3856.841
3876.829
3916.793
3936.778
3956.764
3976.744
3996.734
4016.710
4056.682
4076.662
4096.646
4116.630
4156.598
4176.582
4196.564
4216.550
4236.532
4276.501
4296.481
4316.467
4336.451
4376.423
4396.405
4416.387
4456.354
4476.334
4496.321
4516.305
4536.288
4556.269
4576.252
4616.221
4636.207
4656.188
4676.176
4696.153
4716.144
4756.105
4776.090
4796.071
4816.057
4856.025
4876.009
4895.996
4935.961
4955.940
4975.932
4995.911
5035.876
5055.860
5075.852
5095.837
5115.812
5135.802
5155.780
5175.764
5195.752
5215.739
5235.711
5255.696
5275.687
5295.668
5315.649
5335.632
5355.613
5375.598
5395.585
5415.570
5435.553
5455.532
5475.525
5495.505
5515.490
5535.469
5555.460
5575.433
5595.423
5615.408
5635.386
5655.372
5675.362
5695.334
5715.324
5735.302
5755.287
5775.273
5795.263
5835.221
5855.206
5875.194
5915.157
5935.146
5975.107
5995.094
6015.087
6035.059
6075.026
6095.014
6134.978
6155.115
6174.948
6214.909
6254.881
6274.869
6294.844
6314.831
6334.815
6374.784
6394.764
6414.747
6454.714
6474.702
6494.687
6534.655
6554.631
6574.636
6594.604
6634.569
6654.556
6674.534
6714.501
6734.486
6754.473
6794.436
6814.441
6834.403
6854.390
6894.358
6914.340
6954.306
6974.302
6994.274
7034.245
7054.233
7074.218
7094.195
7114.177
7134.160
7154.145
7174.126
7194.112
7214.106
7234.076
7254.066
7274.044
7294.031
7314.015
7333.996
7353.981
7373.960
7393.944
7413.931
7433.911
7453.905
7473.887
7493.870
7513.858
7533.840
7553.814
7573.802
7593.787
7613.766
7633.760
7653.742
7673.725
7693.701
7713.682
7733.670
7753.657
7773.633
7793.624
7813.599
7853.575
7873.550
7893.537
7913.522
7933.503
7953.495
7973.476
7993.451
8013.444
8033.429
8053.410
8073.391
8093.381
8113.358
8133.345
8153.321
8173.310
8193.288
8213.274
8233.263
8253.250
8273.226
8293.224
8313.190
8333.176
8353.164
8373.149
8393.126
8413.112
8433.094
8453.078
8473.070
8493.044
8513.033
8533.009
8552.993
8572.978
8592.961
8612.948
8632.931
8672.902
8692.881
8712.865
