# timecode format v2
0.000
8.325
33.300
49.952
66.602
74.928
91.576
99.902
116.559
133.205
149.854
158.179
174.827
183.161
199.807
224.782
233.104
249.760
266.408
283.057
291.380
308.032
324.681
341.341
357.981
374.645
382.956
399.605
424.583
432.906
449.556
466.210
474.533
491.183
507.833
516.157
541.134
549.465
557.783
574.432
591.082
599.415
616.060
632.711
649.358
657.683
674.337
682.663
707.634
724.295
732.613
757.585
765.911
774.235
799.217
807.552
824.192
840.844
849.162
865.814
882.464
899.116
915.768
932.423
940.749
957.398
974.042
990.695
999.013
1015.665
1032.325
1048.964
1057.289
1073.939
1082.276
1098.914
1115.574
1132.214
1148.869
1157.190
1173.841
1190.501
1207.148
1215.471
1232.116
1248.775
1257.097
1273.741
1290.391
1298.717
1315.368
1332.018
1356.992
1365.325
1373.643
1390.294
1406.942
1415.270
1431.919
1440.245
1456.894
1465.218
1481.873
1498.522
1506.846
1523.494
1540.152
1548.472
1573.444
1581.770
1598.420
1615.075
1623.396
1640.047
1648.371
1665.023
1681.671
1698.324
1714.972
1723.303
1739.951
1756.601
1764.923
1789.915
1798.223
1806.550
1823.198
1839.852
1848.177
1873.151
1881.474
1898.128
1906.453
1923.100
1931.425
1948.076
1964.728
1989.701
2006.351
2014.675
2031.330
2047.976
2064.633
2072.951
2097.929
2106.254
2122.911
2139.555
2156.218
2164.527
2189.507
2197.836
2222.803
2231.127
2247.784
2256.104
2272.753
2289.407
2297.730
2314.382
2331.036
2339.355
2364.330
2372.654
2389.318
2405.957
2422.605
2430.930
2455.907
2464.232
2480.889
2497.547
2505.857
2522.511
2539.157
2555.822
2564.133
2580.783
2597.440
2605.757
2630.734
2639.058
2655.716
2672.365
2680.685
2689.008
2705.659
2722.315
2738.960
2747.287
2763.945
2772.260
2797.238
2805.560
2822.221
2838.862
2847.187
2863.852
2888.810
2897.136
2905.463
2922.111
2938.764
2947.087
2963.742
2980.421
2988.714
3005.362
3022.022
3030.339
3055.320
3071.971
3080.292
3105.267
3113.592
3121.914
3138.564
3155.221
3163.539
3180.189
3196.845
3205.171
3221.815
3238.474
3246.790
3271.773
3280.093
3305.067
3313.399
3321.718
3338.368
3346.693
3363.342
3379.994
3388.318
3404.967
3421.617
3429.947
3446.595
3471.570
3479.893
3496.553
3504.869
3529.862
3538.169
3554.827
3571.476
3588.120
3596.445
3613.099
3629.749
3638.070
3654.723
3671.381
3679.697
3688.020
3704.674
3712.997
3746.297
3754.626
3762.947
3779.597
3796.254
3804.572
3821.223
3837.874
3846.200
3862.854
3879.498
3887.823
3904.483
3912.803
3929.450
3946.098
3962.758
3971.079
3987.724
4004.376
4012.700
4029.351
4046.002
4054.326
4070.981
4079.301
4095.951
4112.605
4120.956
4129.250
4145.903
4154.227
4170.879
4187.528
4195.851
4212.503
4220.828
4237.488
4245.821
4262.454
4279.103
4287.440
4304.078
4320.734
4329.058
4354.029
4370.687
4379.004
4395.656
4412.306
4420.630
4437.296
4445.606
4462.257
4470.580
4487.230
4495.556
4512.209
4528.858
4537.181
4562.173
4578.809
4587.139
4603.783
4612.106
4628.758
4645.407
4662.068
4670.383
4695.358
4703.683
4712.008
4728.658
4745.310
4753.637
4778.617
4786.935
4803.592
4820.236
4836.886
4853.537
4861.861
4878.515
4886.835
4903.489
4920.142
4928.462
4945.114
4961.778
4970.088
4995.062
5003.401
5011.711
5028.361
5045.013
5053.354
5069.990
5086.642
5103.289
5111.612
5119.937
5136.587
5144.912
5153.243
5161.562
5178.213
5186.538
5194.863
5211.523
5219.838
5228.164
5244.820
5253.138
5261.463
5269.791
5286.444
5294.775
5303.090
5311.415
5319.740
5336.390
5344.716
5353.040
5361.374
5378.021
5386.344
5394.666
5402.990
5419.643
5427.974
5436.298
5444.619
5452.941
5461.267
5477.917
5494.578
5502.902
5511.225
5519.542
5527.868
5544.527
5552.843
5561.167
5577.819
5586.148
5594.468
5602.803
5619.454
5627.774
5636.097
5652.746
5661.079
5669.405
5677.719
5686.045
5694.370
5711.020
5719.354
5727.670
5735.996
5752.648
5760.976
5769.295
5777.620
5794.277
5802.595
5810.922
5827.572
5844.223
5860.887
5869.197
5885.848
5894.173
5910.823
5927.475
5944.136
5952.448
5977.425
5985.763
5994.073
6019.052
6027.374
6035.704
6052.350
6068.999
6077.333
6102.302
6110.630
6118.950
6135.601
6152.258
6168.900
6185.551
6193.880
6218.853
6227.182
6235.503
6252.158
6268.810
6277.128
6293.779
6310.428
6327.095
6335.408
6352.053
6368.705
6377.029
6393.678
6402.005
6418.656
6435.303
6451.959
6468.604
6485.255
6493.579
6510.234
6526.883
6543.537
6560.181
6576.834
6585.169
6601.814
6618.456
6626.785
6643.435
6668.407
6676.732
6693.388
6710.032
6718.359
6735.015
6751.661
6768.311
6776.633
6793.283
6809.939
6818.260
6843.245
6859.889
6868.214
6893.185
6901.521
6918.168
6926.486
6934.810
6951.462
6976.442
6984.762
7001.421
7018.065
7034.711
7043.051
7059.687
7076.346
7084.663
7109.640
7117.963
7134.613
7159.594
7167.914
7184.564
7201.233
7209.538
7226.190
7242.838
7259.504
7267.814
7284.464
7301.114
7309.448
7326.089
7342.752
7351.067
7367.715
7384.370
7392.693
7409.344
7417.665
7434.325
7450.976
7467.619
7475.943
7492.594
7509.259
7517.569
7534.217
7550.878
7559.195
7575.843
7592.495
7600.821
7617.469
7634.127
7650.770
7667.419
7684.077
7692.396
7709.046
7725.695
7734.019
7758.996
7767.321
7783.970
7800.639
7808.948
7825.599
7842.247
7858.896
7867.228
7883.882
7900.528
7908.848
7925.500
7942.152
7950.472
7967.122
7983.776
7992.100
8017.084
8025.398
8033.726
8058.714
8067.025
8083.682
8100.330
8108.651
8125.301
8133.627
8150.280
8158.607
8183.575
8200.225
8208.561
8225.203
8241.854
8250.176
8266.826
8283.492
8291.801
8308.452
8325.101
8333.430
8350.077
8366.727
8375.052
8400.031
8408.354
8416.678
8433.329
8449.981
8458.308
8474.954
8491.604
8499.929
8516.582
8533.230
8541.556
8558.205
8574.861
8599.835
8608.155
8616.481
8633.134
8649.788
8666.431
8674.757
8699.736
8708.070
8724.720
8733.031
8749.686
8758.011
8782.982
8791.309
8799.632
8816.284
8832.936
8841.258
8866.239
8874.561
8891.214
8907.869
8924.509
8932.841
8949.493
8957.811
8974.469
8991.119
8999.436
9007.761
9032.735
9049.387
9066.052
9074.360
9091.011
9099.341
9124.312
9132.638
9140.961
9157.613
