# timecode format v2
0.000
19.990
39.971
59.955
79.939
99.927
119.904
139.889
159.888
179.857
219.835
239.819
259.792
279.777
299.756
339.726
359.711
399.674
419.670
459.625
479.610
499.597
539.563
559.550
599.519
619.496
639.481
679.448
699.434
739.395
759.383
799.347
819.337
859.315
879.285
919.265
959.216
979.202
999.188
1039.168
1079.124
1099.103
1119.087
1139.071
1179.037
1219.007
1239.011
1258.972
1278.957
1319.147
1338.906
1378.940
1398.856
1438.822
1458.810
1498.776
1538.744
1558.726
1598.698
1618.678
1638.664
1678.631
1718.596
1738.583
1758.561
1778.545
1818.518
1838.500
1858.484
1898.450
1918.482
1958.402
1978.399
2018.350
2038.334
2058.317
2078.303
2098.284
2138.256
2158.240
2178.222
2218.185
2238.174
2258.153
2278.139
2318.103
2338.090
2378.066
2398.039
2418.026
2457.992
2477.979
2517.942
2537.923
2577.889
2597.880
2637.859
2657.826
2677.824
2717.786
2737.764
2777.730
2797.713
2817.699
2837.682
2857.663
2897.629
2917.613
2937.599
2977.574
2997.548
3017.549
3037.515
3077.486
3117.452
3137.436
3177.401
3197.385
3237.349
3257.339
3297.310
3317.286
3337.270
3357.262
3397.489
3417.212
3457.186
3477.176
3497.142
3537.105
3557.100
3577.075
3617.046
3637.023
3657.009
3696.974
3716.958
3756.926
3776.912
3816.878
3836.873
3856.844
3896.819
3916.801
3936.780
3956.766
3996.734
4016.723
4056.685
4076.665
4096.647
4116.633
4156.600
4176.588
4216.554
4236.536
4256.515
4296.481
4316.470
4356.442
4376.421
4416.386
4456.352
4476.338
4516.317
4536.310
4576.255
4596.238
4616.221
4656.188
4676.176
4716.142
4736.124
4776.095
4796.075
4836.040
4856.026
4876.011
4915.979
4955.942
4975.931
5015.893
5035.892
5055.865
5075.844
5095.829
5115.821
5135.796
5155.781
5175.805
5195.746
5235.713
5255.696
5275.679
5295.663
5315.650
5335.632
5355.615
5375.601
5395.581
5415.567
5435.553
5455.535
5475.519
5495.504
5535.471
5555.450
5575.445
5595.423
5615.401
5635.393
5655.378
5675.354
5695.340
5715.328
5735.306
5755.296
5775.276
5815.240
5835.234
5875.194
5895.175
5935.152
5955.124
5975.113
5995.109
6015.076
6055.046
6075.026
6095.015
6114.995
6154.960
6174.944
6214.910
6234.896
6274.873
6314.828
6334.825
6354.803
6374.780
6394.765
6434.737
6474.701
6494.684
6514.668
6534.661
6554.683
6574.631
6594.604
6614.586
6654.552
6674.536
6714.503
6734.486
6754.608
6794.441
6814.420
6834.403
6854.392
6894.359
6914.342
6934.322
6974.289
6994.279
7034.239
7054.227
7094.190
7134.161
7154.153
7174.140
7214.097
7254.060
7274.048
7294.043
7314.016
7353.984
7373.963
7413.948
7453.899
7473.891
7493.865
7513.851
7553.825
7573.803
7613.771
7633.755
7653.734
7673.726
7713.687
7753.652
7773.658
7793.623
7833.592
7853.574
7873.553
7913.527
7933.507
7953.490
7993.467
8013.445
8053.413
8073.413
8113.365
8133.341
8153.329
8173.314
8213.286
8253.241
8273.229
8293.220
8333.182
8353.171
8393.129
8413.118
8433.097
8453.082
8493.049
8513.038
8552.998
8572.990
8592.965
8612.955
8652.918
8692.884
8712.868
8732.852
8772.818
8792.802
8832.818
8872.739
8892.729
8912.705
8932.690
8972.653
8992.640
9032.614
9052.589
9092.558
9132.522
9152.511
9192.509
9232.440
9252.427
9272.410
9292.392
9332.379
9372.327
9392.309
9412.293
9432.283
9452.267
9492.229
9512.231
9552.176
9572.164
9612.130
9632.113
9672.082
9712.050
9732.032
9772.000
9791.983
9811.969
9851.935
9871.925
9911.889
9931.872
9951.852
9991.840
10031.788
10051.777
10071.753
10091.747
10111.727
10131.704
10151.693
10171.681
10191.659
10211.639
10231.631
10251.610
10271.595
10291.573
10311.564
10331.540
10351.527
10371.505
10391.493
10411.478
10431.461
10451.442
10471.428
10491.413
10511.393
10531.384
10551.368
10571.347
10591.334
10611.310
10631.300
10651.284
10671.263
10691.248
10711.238
10731.210
10751.211
10771.179
10791.165
10831.130
10851.116
10871.099
10891.082
10931.052
10951.032
10991.000
