# timecode format v2
0.000
16.649
49.950
58.276
66.599
83.251
99.901
108.228
124.876
141.525
149.850
174.826
183.151
199.803
216.453
233.105
241.427
266.403
283.059
291.378
308.027
324.678
333.006
349.653
366.304
374.629
391.278
407.933
416.256
432.904
449.559
466.216
482.855
499.513
516.155
532.808
549.459
557.782
574.443
591.083
599.407
624.381
632.710
641.033
657.681
674.332
682.668
715.960
724.283
740.940
757.590
765.910
782.559
799.209
807.537
824.191
840.835
849.160
865.817
882.460
899.110
915.760
924.088
932.410
949.063
957.386
965.709
982.363
990.686
999.011
1007.335
1023.995
1032.310
1040.636
1057.292
1065.615
1073.937
1090.587
1098.914
1115.565
1123.893
1132.212
1140.537
1157.188
1165.516
1173.837
1190.490
1198.849
1207.138
1223.791
1232.115
1240.443
1248.763
1265.413
1273.738
1282.067
1298.713
1307.043
1315.366
1323.690
1332.014
1348.669
1356.989
1365.322
1373.653
1390.299
1398.626
1406.940
1423.591
1431.929
1440.240
1448.566
1456.892
1473.551
1481.869
1490.191
1498.516
1515.170
1523.494
1531.817
1540.141
1556.792
1565.117
1573.445
1581.784
1590.093
1606.743
1615.068
1631.725
1640.046
1656.697
1665.019
1681.672
1689.999
1714.969
1723.296
1731.620
1756.603
1764.926
1781.571
1798.229
1806.548
1823.200
1839.849
1848.171
1864.826
1881.473
1889.797
1906.449
1923.102
1939.753
1948.073
1964.723
1981.377
1989.702
2014.682
2022.999
2039.657
2056.300
2081.274
2089.599
2106.253
2114.576
2131.224
2147.875
2156.204
2181.178
2197.829
2206.151
2222.803
2239.462
2247.781
2264.427
2281.086
2289.403
2306.052
2322.728
2331.028
2356.011
2364.328
2380.991
2405.955
2422.606
2430.929
2447.578
2464.236
2472.555
2489.206
2505.857
2522.509
2530.831
2547.480
2564.138
2580.783
2589.107
2605.758
2622.406
2639.062
2647.381
2672.368
2680.681
2689.008
2705.664
2722.309
2730.634
2755.615
2763.937
2780.588
2797.233
2813.890
2822.209
2847.193
2855.512
2872.166
2888.812
2897.138
2913.786
2930.435
2947.085
2955.409
2980.397
2988.714
3005.365
3022.011
3030.336
3055.320
3063.636
3080.295
3096.941
3105.261
3121.918
3130.238
3155.215
3163.537
3180.191
3196.842
3213.488
3221.821
3238.464
3246.788
3263.439
3288.426
3296.741
3313.394
3330.041
3338.369
3355.034
3363.340
3379.990
3388.315
3413.304
3421.616
3438.266
3454.928
3471.569
3479.892
3496.541
3513.193
3521.517
3546.492
3554.818
3571.467
3588.119
3604.773
3613.095
3629.743
3646.398
3654.718
3671.371
3688.018
3696.349
3721.323
3729.647
3746.298
3762.947
3771.274
3787.928
3804.570
3812.899
3829.561
3846.198
3854.520
3871.177
3887.905
3896.147
3921.122
3929.448
3946.101
3954.422
3971.072
3979.397
3996.052
4012.761
4029.348
4037.673
4054.328
4070.986
4079.298
4095.948
4112.600
4137.574
4145.901
4154.225
4170.880
4187.526
4195.851
4212.511
4229.153
4237.477
4254.138
4270.777
4287.434
4304.080
4312.401
4329.054
4337.377
4362.353
4370.677
4387.327
4403.984
4420.636
4428.955
4445.603
4462.260
4470.579
4487.229
4503.878
4512.204
4528.856
4545.505
4553.829
4570.480
4587.135
4595.469
4612.104
4620.431
4637.080
4662.057
4670.382
4687.032
4695.356
4712.006
4720.331
4736.981
4753.636
4761.963
4778.606
4786.932
4803.583
4820.235
4828.562
4845.210
4861.859
4870.183
4886.838
4895.158
4911.810
4920.134
4945.112
4961.770
4978.419
4995.059
5003.387
5011.709
5020.034
5028.359
5045.020
5053.337
5061.661
5078.313
5086.635
5094.960
5103.285
5119.938
5128.260
5136.585
5153.237
5161.561
5169.886
5186.536
5194.861
5211.512
5219.841
5228.162
5236.488
5253.139
5261.470
5269.788
5278.112
5294.763
5303.095
5311.412
5328.063
5336.388
5344.713
5353.038
5369.690
5378.017
5386.339
5394.664
5411.319
5419.642
5427.971
5436.289
5444.620
5452.939
5469.591
5477.914
5494.567
5502.894
5511.293
5519.540
5536.197
5544.518
5552.842
5561.165
5577.816
5586.155
5594.466
5602.791
5611.116
5627.766
5636.092
5644.417
5661.072
5669.395
5677.717
5686.042
5694.367
5711.022
5727.672
5744.332
5752.644
