# timecode format v2
0.000
19.984
40.001
59.950
79.938
119.904
139.893
159.871
179.859
199.856
219.822
239.808
279.772
299.757
319.745
339.722
379.690
399.686
419.661
439.641
479.608
499.594
519.575
559.543
579.544
619.494
639.493
659.462
699.428
719.416
759.390
779.372
819.329
839.315
879.279
899.268
939.230
959.218
999.182
1019.170
1059.146
1079.121
1099.108
1139.075
1159.054
1179.040
1219.002
1238.991
1258.970
1298.946
1318.921
1358.893
1378.873
1418.838
1438.826
1478.789
1498.774
1538.747
1558.729
1598.690
1638.658
1658.646
1678.629
1718.621
1738.580
1778.558
1798.531
1818.518
1858.478
1898.448
1918.436
1958.401
1978.385
1998.369
2018.349
2058.318
2078.297
2118.272
2158.234
2178.216
2218.328
2238.173
2258.156
2298.127
2318.103
2358.071
2378.060
2418.023
2438.010
2477.973
2497.961
2537.927
2557.913
2597.876
2617.862
2657.825
2677.816
2717.787
2757.743
2777.729
2817.693
2837.685
2877.647
2917.615
2937.602
2957.585
2977.565
3017.529
3037.529
3057.500
3097.464
3117.455
3137.430
3177.398
3197.382
3237.359
3257.336
3277.326
3317.285
3337.287
3377.238
3397.226
3437.228
3457.170
3497.135
3517.130
3557.089
3577.072
3617.037
3637.025
3677.002
3716.965
3736.952
3756.928
3796.894
3816.881
3856.848
3876.828
3896.827
3936.788
3976.746
3996.727
4016.713
4036.694
4076.668
4116.628
4136.615
4176.579
4196.569
4236.531
4256.520
4296.484
4316.479
4356.434
4376.422
4416.386
4436.373
4476.338
4496.319
4536.287
4556.274
4596.236
4616.221
4656.190
4676.171
4716.137
4736.127
4776.097
4816.058
4836.040
4876.008
4895.995
4935.958
4955.947
4995.909
5035.893
5055.862
5075.846
5095.830
5115.809
5135.799
5155.779
5175.761
5195.756
5215.731
5235.719
5255.704
5275.689
5295.674
5315.651
5335.639
5355.616
5375.598
5395.584
5415.569
5435.555
5455.536
5475.515
5495.501
5515.487
5535.466
5555.454
5575.436
5595.419
5615.403
5635.388
5655.370
5675.354
5695.338
5715.321
5735.307
5755.289
5775.287
5795.262
5815.237
5855.208
5875.188
5895.178
5935.138
5955.138
5975.113
6015.074
6035.073
6075.024
6095.013
6134.975
6154.963
6174.947
6214.909
6234.900
6254.879
6294.843
6314.828
6334.816
